GUESS
M180.49 825.592C180.593 825.592 180.681 825.629 180.756 825.704C180.831 825.779 180.868 825.867 180.868 825.97V827.454C180.868 828.873 180.3
83 829.927 179.412 830.618C178.451 831.299 177.177 831.64 175.59 831.64C174.003 831.64 172.725 831.299 171.754 830.618C170.793 829.927 170.3
12 828.863 170.312 827.426V825.774C170.312 824.822 170.545 824.033 171.012 823.408C171.479 822.773 172.109 822.307 172.902 822.008C173.695 8
21.709 174.591 821.56 175.59 821.56C176.785 821.56 177.769 821.756 178.544 822.148C179.319 822.54 179.879 822.983 180.224 823.478C180.579 82
3.973 180.756 824.374 180.756 824.682C180.756 824.766 180.723 824.841 180.658 824.906C180.602 824.962 180.532 824.99 180.448 824.99H177.284C
177.097 824.99 176.962 824.939 176.878 824.836C176.589 824.472 176.159 824.29 175.59 824.29C175.161 824.29 174.801 824.388 174.512 824.584C1
74.232 824.78 174.092 825.032 174.092 825.34V827.72C174.092 828.093 174.232 828.387 174.512 828.602C174.792 828.807 175.151 828.91 175.59 82
8.91C176.169 828.91 176.593 828.812 176.864 828.616C177.144 828.411 177.289 828.173 177.298 827.902H176.43C176.327 827.902 176.239 827.865 1
76.164 827.79C176.089 827.715 176.052 827.627 176.052 827.524V825.97C176.052 825.867 176.089 825.779 176.164 825.704C176.239 825.629 176.327
 825.592 176.43 825.592H180.49ZM187.345 831.64C185.777 831.64 184.531 831.299 183.607 830.618C182.692 829.937 182.235 828.873 182.235 827.42
6V822.078C182.235 821.975 182.272 821.887 182.347 821.812C182.421 821.737 182.51 821.7 182.613 821.7H185.539C185.641 821.7 185.73 821.737 18
5.805 821.812C185.879 821.887 185.917 821.975 185.917 822.078V827.65C185.917 828.033 186.043 828.327 186.295 828.532C186.556 828.737 186.906
 828.84 187.345 828.84C187.783 828.84 188.129 828.737 188.381 828.532C188.642 828.327 188.773 828.033 188.773 827.65V822.078C188.773 821.975
 188.81 821.887 188.885 821.812C188.959 821.737 189.048 821.7 189.151 821.7H192.077C192.179 821.7 192.268 821.737 192.343 821.812C192.417 82
1.887 192.455 821.975 192.455 822.078V827.426C192.455 828.873 191.993 829.937 191.069 830.618C190.154 831.299 188.913 831.64 187.345 831.64Z
M203.775 828.77C203.878 828.77 203.966 828.807 204.041 828.882C204.116 828.957 204.153 829.045 204.153 829.148V831.122C204.153 831.225 204.1
16 831.313 204.041 831.388C203.966 831.463 203.878 831.5 203.775 831.5H194.927C194.824 831.5 194.736 831.463 194.661 831.388C194.586 831.313
 194.549 831.225 194.549 831.122V822.078C194.549 821.975 194.586 821.887 194.661 821.812C194.736 821.737 194.824 821.7 194.927 821.7H203.635
C203.738 821.7 203.826 821.737 203.901 821.812C203.976 821.887 204.013 821.975 204.013 822.078V824.052C204.013 824.155 203.976 824.243 203.9
01 824.318C203.826 824.393 203.738 824.43 203.635 824.43H198.189V825.312H202.865C202.968 825.312 203.056 825.349 203.131 825.424C203.206 825
.499 203.243 825.587 203.243 825.69V827.51C203.243 827.613 203.206 827.701 203.131 827.776C203.056 827.851 202.968 827.888 202.865 827.888H1
98.189V828.77H203.775ZM211.904 825.256C212.93 825.368 213.752 825.55 214.368 825.802C214.993 826.054 215.446 826.385 215.726 826.796C216.006
 827.207 216.146 827.72 216.146 828.336C216.146 829.008 215.926 829.596 215.488 830.1C215.058 830.595 214.461 830.977 213.696 831.248C212.93
 831.509 212.058 831.64 211.078 831.64C209.986 831.64 209.062 831.505 208.306 831.234C207.55 830.963 206.985 830.604 206.612 830.156C206.238
 829.699 206.052 829.199 206.052 828.658C206.052 828.565 206.08 828.49 206.136 828.434C206.201 828.378 206.28 828.35 206.374 828.35H209.244C
209.44 828.35 209.598 828.411 209.72 828.532C209.878 828.681 210.056 828.784 210.252 828.84C210.448 828.887 210.723 828.91 211.078 828.91C21
1.964 828.91 212.408 828.775 212.408 828.504C212.408 828.392 212.347 828.299 212.226 828.224C212.114 828.14 211.908 828.07 211.61 828.014C21
1.32 827.949 210.891 827.883 210.322 827.818C209.043 827.669 208.063 827.351 207.382 826.866C206.7 826.371 206.36 825.676 206.36 824.78C206.
36 824.145 206.551 823.585 206.934 823.1C207.316 822.615 207.858 822.237 208.558 821.966C209.267 821.695 210.088 821.56 211.022 821.56C211.9
92 821.56 212.842 821.714 213.57 822.022C214.298 822.321 214.853 822.694 215.236 823.142C215.618 823.59 215.81 824.029 215.81 824.458C215.81
 824.551 215.777 824.626 215.712 824.682C215.656 824.738 215.576 824.766 215.474 824.766H212.464C212.305 824.766 212.16 824.71 212.03 824.59
8C211.927 824.505 211.806 824.43 211.666 824.374C211.526 824.318 211.311 824.29 211.022 824.29C210.396 824.29 210.084 824.421 210.084 824.68
2C210.084 824.822 210.205 824.934 210.448 825.018C210.69 825.093 211.176 825.172 211.904 825.256ZM223.798 825.256C224.825 825.368 225.646 82
5.55 226.262 825.802C226.887 826.054 227.34 826.385 227.62 826.796C227.9 827.207 228.04 827.72 228.04 828.336C228.04 829.008 227.821 829.596
 227.382 830.1C226.953 830.595 226.355 830.977 225.59 831.248C224.825 831.509 223.952 831.64 222.972 831.64C221.88 831.64 220.956 831.505 22
0.2 831.234C219.444 830.963 218.879 830.604 218.506 830.156C218.133 829.699 217.946 829.199 217.946 828.658C217.946 828.565 217.974 828.49 2
18.03 828.434C218.095 828.378 218.175 828.35 218.268 828.35H221.138C221.334 828.35 221.493 828.411 221.614 828.532C221.773 828.681 221.95 82
8.784 222.146 828.84C222.342 828.887 222.617 828.91 222.972 828.91C223.859 828.91 224.302 828.775 224.302 828.504C224.302 828.392 224.241 82
8.299 224.12 828.224C224.008 828.14 223.803 828.07 223.504 828.014C223.215 827.949 222.785 827.883 222.216 827.818C220.937 827.669 219.957 8
27.351 219.276 826.866C218.595 826.371 218.254 825.676 218.254 824.78C218.254 824.145 218.445 823.585 218.828 823.1C219.211 822.615 219.752 
822.237 220.452 821.966C221.161 821.695 221.983 821.56 222.916 821.56C223.887 821.56 224.736 821.714 225.464 822.022C226.192 822.321 226.747
 822.694 227.13 823.142C227.513 823.59 227.704 824.029 227.704 824.458C227.704 824.551 227.671 824.626 227.606 824.682C227.55 824.738 227.47
1 824.766 227.368 824.766H224.358C224.199 824.766 224.055 824.71 223.924 824.598C223.821 824.505 223.7 824.43 223.56 824.374C223.42 824.318 
223.205 824.29 222.916 824.29C222.291 824.29 221.978 824.421 221.978 824.682C221.978 824.822 222.099 824.934 222.342 825.018C222.585 825.093
 223.07 825.172 223.798 825.256Z
SKIP
M330.72 837.756C331.747 837.868 332.568 838.05 333.184 838.302C333.809 838.554 334.262 838.885 334.542 839.296C334.822 839.707 334.962 840.2
2 334.962 840.836C334.962 841.508 334.743 842.096 334.304 842.6C333.875 843.095 333.277 843.477 332.512 843.748C331.747 844.009 330.874 844.
14 329.894 844.14C328.802 844.14 327.878 844.005 327.122 843.734C326.366 843.463 325.801 843.104 325.428 842.656C325.055 842.199 324.868 841
.699 324.868 841.158C324.868 841.065 324.896 840.99 324.952 840.934C325.017 840.878 325.097 840.85 325.19 840.85H328.06C328.256 840.85 328.4
15 840.911 328.536 841.032C328.695 841.181 328.872 841.284 329.068 841.34C329.264 841.387 329.539 841.41 329.894 841.41C330.781 841.41 331.2
24 841.275 331.224 841.004C331.224 840.892 331.163 840.799 331.042 840.724C330.93 840.64 330.725 840.57 330.426 840.514C330.137 840.449 329.
707 840.383 329.138 840.318C327.859 840.169 326.879 839.851 326.198 839.366C325.517 838.871 325.176 838.176 325.176 837.28C325.176 836.645 3
25.367 836.085 325.75 835.6C326.133 835.115 326.674 834.737 327.374 834.466C328.083 834.195 328.905 834.06 329.838 834.06C330.809 834.06 331
.658 834.214 332.386 834.522C333.114 834.821 333.669 835.194 334.052 835.642C334.435 836.09 334.626 836.529 334.626 836.958C334.626 837.051 
334.593 837.126 334.528 837.182C334.472 837.238 334.393 837.266 334.29 837.266H331.28C331.121 837.266 330.977 837.21 330.846 837.098C330.743
 837.005 330.622 836.93 330.482 836.874C330.342 836.818 330.127 836.79 329.838 836.79C329.213 836.79 328.9 836.921 328.9 837.182C328.9 837.3
22 329.021 837.434 329.264 837.518C329.507 837.593 329.992 837.672 330.72 837.756ZM347.627 843.51C347.664 843.566 347.683 843.627 347.683 84
3.692C347.683 843.776 347.65 843.851 347.585 843.916C347.529 843.972 347.459 844 347.375 844H343.763C343.548 844 343.38 843.925 343.259 843.
776L340.823 840.766V843.622C340.823 843.725 340.785 843.813 340.711 843.888C340.636 843.963 340.547 844 340.445 844H337.561C337.458 844 337.
369 843.963 337.295 843.888C337.22 843.813 337.183 843.725 337.183 843.622V834.578C337.183 834.475 337.22 834.387 337.295 834.312C337.369 83
4.237 337.458 834.2 337.561 834.2H340.445C340.547 834.2 340.636 834.237 340.711 834.312C340.785 834.387 340.823 834.475 340.823 834.578V837.
21L343.035 834.438C343.175 834.279 343.347 834.2 343.553 834.2H346.927C347.011 834.2 347.081 834.233 347.137 834.298C347.202 834.354 347.235
 834.424 347.235 834.508C347.235 834.583 347.211 834.648 347.165 834.704L343.847 838.75L347.627 843.51ZM355.643 841.13H358.177C358.28 841.13
 358.368 841.167 358.443 841.242C358.518 841.317 358.555 841.405 358.555 841.508V843.622C358.555 843.725 358.518 843.813 358.443 843.888C358
.368 843.963 358.28 844 358.177 844H349.301C349.198 844 349.11 843.963 349.035 843.888C348.96 843.813 348.923 843.725 348.923 843.622V841.50
8C348.923 841.405 348.96 841.317 349.035 841.242C349.11 841.167 349.198 841.13 349.301 841.13H351.863V837.07H349.301C349.198 837.07 349.11 8
37.033 349.035 836.958C348.96 836.883 348.923 836.795 348.923 836.692V834.578C348.923 834.475 348.96 834.387 349.035 834.312C349.11 834.237 
349.198 834.2 349.301 834.2H358.177C358.28 834.2 358.368 834.237 358.443 834.312C358.518 834.387 358.555 834.475 358.555 834.578V836.692C358
.555 836.795 358.518 836.883 358.443 836.958C358.368 837.033 358.28 837.07 358.177 837.07H355.643V841.13ZM367.062 834.2C367.939 834.2 368.70
4 834.349 369.358 834.648C370.011 834.947 370.51 835.353 370.856 835.866C371.201 836.379 371.374 836.953 371.374 837.588C371.374 838.633 371
.047 839.455 370.394 840.052C369.74 840.64 368.63 840.934 367.062 840.934H365.214V843.622C365.214 843.725 365.176 843.813 365.102 843.888C36
5.027 843.963 364.938 844 364.836 844H361.826C361.723 844 361.634 843.963 361.56 843.888C361.485 843.813 361.448 843.725 361.448 843.622V834
.578C361.448 834.475 361.485 834.387 361.56 834.312C361.634 834.237 361.723 834.2 361.826 834.2H367.062ZM367.006 838.344C367.23 838.344 367.
407 838.279 367.538 838.148C367.668 838.008 367.734 837.826 367.734 837.602C367.734 837.369 367.668 837.177 367.538 837.028C367.407 836.879 
367.23 836.804 367.006 836.804H365.228V838.344H367.006Z
